0 0 0 0
5 37.691460529414144 30.71968583976117 26.503502280441406
10 38.00848920498438 31.425553177414965 27.498035756930005
15 38.58365399696545 32.1510941686403 27.999940608674002
20 38.94879218992846 32.468832017759155 28.70605264605042
25 39.05143255377953 32.71549676941212 28.996817717675533
30 39.69880669827124 32.970233370284 30.00386403476868
35 40.10793948054335 33.84686394498858 30.311960081460086
40 40.41156610967319 34.14298512684282 30.68636971089734
45 40.83226064674389 34.812724859386435 31.05040432452364
50 41.16495916789114 35.13405753816205 31.38088114090637
55 41.45134756358053 35.31010381612441 31.536979935107727
60 41.576523166809594 35.71877907167654 31.867627538027673
65 41.8355648051274 36.090047331505616 32.20517738850918
70 42.19233009495754 36.30215300724069 32.372108025285186
75 42.38629737694687 36.464709584402065 32.71594063781616
80 42.64081170782754 36.596213756245774 32.92270410665967
85 42.786154727316884 36.957324554462986 33.047105642987475
90 42.95167053341266 37.05134550053173 33.23813387529808
95 43.102740308234274 37.18807168183599 33.28938787378371
100 43.32334051835521 37.34304272555591 33.63417335055595
