0 0 0 0
5 111.94641093752601 86.43150859829996 84.59918442181399
10 116.05356006669527 91.76218905415091 88.5883585519807
15 118.53740526092251 95.04424203326413 88.64598479007071
20 120.30816789402468 96.0267358000881 89.63465006742555
25 121.96539455224708 96.68476891279046 90.32907275264785
30 123.15037934579139 97.0843324130004 90.39253031424063
35 124.42934589229742 97.57745647330997 90.626739155167
40 125.8364079198549 98.14172931268226 91.46529807373996
45 127.23346377542515 98.63171929595063 92.5387852673783
50 128.97039142232478 98.86653187261255 93.00450711614083
55 129.52947889543694 99.62847147839882 93.69578537146542
60 130.07176699513337 100.70301144880914 94.1130913736604
65 130.75177571329579 100.85241419120656 94.63600419070396
70 132.54194433964605 101.68510857515976 94.79486695586994
75 133.0527198073213 101.80605331533508 95.3718727115328
80 133.21238361916832 104.0859086174271 95.85400695936389
85 133.66630092393214 104.41733447342754 96.44267318058957
90 134.165530341918 104.85201980964021 96.79595774773077
95 134.60652639356954 104.91524996819572 97.37503862008204
100 135.3093472544776 105.21232780763211 97.98786092901125
