0 0 0 0
5 59.02348004386777 130.1013153032939 228.85507230823194
10 63.22579901587578 139.51480552948064 242.86437153817496
15 63.78807005626189 140.95482369644134 246.90057780554594
20 64.55846604673044 145.96900779923914 249.82434756387408
25 64.92421974751666 146.56487513638024 251.40922934548047
30 65.37031339360242 147.3320262112663 255.17143154869564
35 65.8262337399285 147.76705409633493 257.6782057510536
40 65.8813614730681 148.9533516574984 258.6436440132053
45 65.88937730419825 149.4719130218877 261.3051772261975
50 66.31827090773378 150.4781547502574 263.78613581378823
55 66.48489841791974 150.75229951330542 266.14977611692444
60 67.74472397587748 150.98816318603983 268.50346015651473
65 68.12040085265784 151.7282710864352 270.6316707658709
70 68.26108697107489 152.43853466414947 271.8422577962742
75 68.57985394024655 152.5727595906775 272.5408588204285
80 68.68019418893941 152.8548784890859 273.3507649019647
85 68.97498135705032 154.39553210857184 274.126782354479
90 69.13638362169857 155.4486563327486 274.55175852344604
95 69.27588337850361 155.59661351393265 275.27976254171233
100 69.3419248105126 155.94198805712736 276.26673570408616
