0 0 0 0
5 39.15473006274582 40.61512258859598 40.802952128380404
10 40.962000915841834 43.13985535492157 43.78631266543255
15 41.67245266996372 43.74481529334451 44.747800866151415
20 42.418302135713745 44.37111040030041 45.418331589981456
25 42.82114726887696 44.9077393312148 46.07278385006641
30 43.11545786666112 45.36625084415989 46.89593147100253
35 43.723574841593525 45.676800899791324 47.24749628272235
40 43.94098908285029 45.998291806696265 47.88941066832339
45 44.37251180768733 46.43609329185917 48.30873928638216
50 44.69684420218606 46.65004725213552 48.81120454177646
55 44.807896088762526 47.015617104267754 49.13939570726482
60 45.03336602811742 47.17726182187328 49.57643621619461
65 45.49327917078203 47.533371159772344 49.71838615018427
70 45.900704052151625 47.60976791877876 49.88292222201095
75 46.259189268145654 47.71196711899307 49.96453026382819
80 46.432247172766 47.89037399641111 50.10619636646919
85 46.765665971555656 48.16808082792171 50.26750200991856
90 46.996703473592 48.37486058473376 50.505787482496736
95 47.10597190001876 48.52315082882887 50.75310299951728
100 47.29480782831261 48.72437989128429 51.0203451831739
