0 0 0 0
5 106.20136629867696 93.86454803405668 103.6422897387131
10 108.97994401731998 96.9759733435842 106.44574183141711
15 111.0918876880256 101.01073963062498 107.85324057286479
20 113.79417452751153 103.63390176782843 111.32427781174401
25 114.82545648443285 105.77832140144356 113.44040001035395
30 115.29377232483678 107.43181664049214 115.1970619480799
35 115.43731745034641 108.51722062319023 116.39676032607923
40 115.7945151447986 110.67054351950475 117.30730891929308
45 116.3192986098679 112.58262119854336 117.67773032129485
50 116.4754653733748 113.2851946924804 119.35481825788756
55 116.6747958319948 114.14380201238775 120.29881280238826
60 117.40319371034482 114.91129293307024 120.67117901627944
65 117.97619172103458 115.34816288253674 121.03901995412195
70 118.21301092451424 115.75109847902911 121.16819092575861
75 118.50759576632419 115.97599705323287 122.03622543393475
80 118.94527202414513 116.46403737695654 122.1537122241112
85 119.0817014942315 117.14740274823885 122.37810464096356
90 119.08625256912403 117.43123478221186 122.58415746188658
95 119.11630077588784 117.59173962235556 122.7430029599405
100 119.11633353298411 117.80705302243048 123.65661104410013
