0 0 0 0
5 88.3520629629488 96.46011068854001 92.85424832497884
10 91.73439242423089 101.0924589503414 93.8009072188604
15 94.04653406081222 103.35035767269937 96.63274494661047
20 96.65751134232966 103.88687319855411 98.55093099956945
25 98.4302631803516 105.42946344393405 99.8600064454788
30 100.19915377911896 106.86332886983284 100.75503267489573
35 101.55265404941123 107.19862162351158 101.63070722691886
40 103.05847879854626 107.55182344285991 102.91486266942738
45 103.20945784934972 107.95191709176105 103.32023886726503
50 104.97302521849161 108.05732672409846 104.28819291616742
55 105.94266461820781 108.19881463337525 104.87211555658361
60 106.96743248314864 109.64624608874607 105.67343410814745
65 108.11010186025592 109.67800673614454 106.48433815488865
70 108.253700150725 110.32389137716967 107.07971369448798
75 108.88384483868526 111.19431394303194 107.38642783105553
80 109.38776623006113 111.44204499013279 107.59390237377697
85 109.78236473034531 111.67476552187355 108.23753798662554
90 110.38599972652445 111.76290706322804 109.78211279319152
95 110.70020470137078 111.9731523946925 110.0664044173247
100 111.01493100704774 112.28916566635905 110.72341133733752
