0 0 0 0
5 96.29922254263833 98.02444630379577 99.28281564194873
10 102.79359628135343 100.8413084652071 106.40046438715055
15 107.36459884141334 104.46162402146909 106.99737212018022
20 108.27683367060868 105.49318038766373 108.53240604888197
25 109.977968613874 108.0360902658538 110.48922748782893
30 111.94889265628645 109.9859592960204 111.53682579221757
35 112.98760445511293 111.8177103210115 112.92641347917905
40 114.29730270280467 113.4986020722178 113.65017922396467
45 115.42449511076346 114.07237324689446 114.43829120975268
50 115.93356175921109 115.88444017739637 114.72644915580072
55 116.74240769959295 116.74398695264586 115.27756663114675
60 117.34245807749011 118.34731418975835 115.598921872109
65 118.21488294488411 119.11093235052651 116.38377416453862
70 118.65739189024053 119.45706217299528 116.87254891958754
75 119.3362631741629 119.91247765697761 117.0391663984299
80 119.8287295171955 121.03945572339538 117.33823617714808
85 120.89759541175124 121.7923986309848 117.74414389876115
90 121.47495854212575 122.03265080052775 117.88897139633757
95 122.02456978292525 123.09788765335878 118.11820033341947
100 122.50121814312315 123.89465631458536 118.7221278579687
