0 0 0 0
5 26.674468032183622 35.72371768826609 45.42206970266439
10 27.472694625951917 37.12317291824148 46.37761721263939
15 28.204784635206302 38.320113606635175 46.66391256009608
20 28.49783551157022 39.12062399035897 47.2050635239459
25 28.61158324706074 39.60686593455415 47.94303545052117
30 29.215704522331702 40.08435756999317 48.243479228440194
35 29.695392228144716 40.73160290559484 48.44395637399383
40 29.76383391316217 41.33352543886716 48.57470307138426
45 30.144048512793137 41.963707931445896 50.089257542592556
50 30.413224114487697 42.413363168105455 50.40053354100061
55 31.085408794852952 42.507175303405376 50.415266819201456
60 31.2151149634993 42.63639155271982 50.68883178594773
65 31.227637793760262 42.7059648299664 50.799351535665046
70 31.516765252235643 42.82726564687907 51.09009040461696
75 31.599508021306207 42.952601324913424 51.15890974390218
80 31.69290023936172 43.05224489856106 51.20663789625692
85 31.898654076136424 43.10907921834679 51.2625551562916
90 32.1064303080433 43.32173796657642 51.367243729376575
95 32.394391931173494 43.638576469702016 51.929412337406745
100 32.485479654862736 43.71924236911109 52.10464731478137
