0 0 0 0
5 88.6058269044336 95.58739546442014 108.90746646221504
10 89.81020134096065 97.60887948040279 113.53126039799686
15 92.35455709718528 101.71848804073126 115.06881140703477
20 93.80173931102418 103.53795803116702 117.80435140995715
25 96.87854123202679 105.31077842463547 120.02075516471426
30 97.99326870994123 105.82604088632085 120.9066710554124
35 99.00905370587273 105.89014270706247 121.75011722342121
40 100.10936055068727 105.89994252764151 122.29618056834404
45 100.82949901013127 106.60755621286773 122.84960248456238
50 101.81330902539501 107.09609889192545 123.47340416347089
55 102.43941480772119 108.8942215241222 124.01373143412698
60 103.009591716914 112.42540648419974 124.2629770695828
65 103.38658310571172 112.76591208082726 124.43712940007562
70 104.02720705666538 113.28302860349565 125.39327170723627
75 105.12167774327813 114.21838532217063 125.63682730502579
80 105.26059420141416 114.58320964790495 126.24938907764898
85 105.70544580051178 115.08357231592086 126.4882273246147
90 105.99975184425817 115.2748717267839 127.30538521320848
95 106.23951883517792 115.5354725494277 127.52294634008769
100 106.40002488693537 115.68010793378036 127.98637682191101
