0 0 0 0
5 30.5863992779321 33.45269771930177 37.03465432930491
10 31.298182148241462 35.67477850116621 37.862738639555424
15 32.85384579303412 36.058195528184456 38.70074415867159
20 33.65063918230707 36.812384179986104 39.44887002743991
25 34.2781074927688 37.13993166688668 40.06240615924414
30 35.14809151137258 37.71030309603496 40.53770249530734
35 35.404037307849954 38.06378831971581 41.35194004827235
40 35.81298289569535 38.13418305490764 41.436485470312775
45 36.051478780231974 38.81701116758116 41.519892763038285
50 36.407540674483094 39.01842199729629 41.78980231273114
55 36.61689681976276 39.23963041213807 42.05948811377117
60 36.91634802283918 39.63477411579157 42.321795255214745
65 37.02065570410019 40.329007773667016 42.696455415984
70 37.36464794809188 40.68582103520037 42.83090697334123
75 37.69611725554727 40.84183573856402 43.30283178466167
80 38.01494660669751 40.992290266422465 43.65631323914882
85 38.080426526089546 41.33719911842536 43.741099771255925
90 38.199586972388275 41.615200441339454 43.8759337571414
95 38.37230383135853 41.82875082446883 43.96218617551145
100 38.494104298673555 41.99850143316055 44.09533902475863
